
 20

(mm: 0.086382, hg: 0.030785, (((canfam: 0.034693, ecab: 0.025694): 0.001184, sscrofa: 0.039104): 0.000785, ((HLrhiFer5: 0.026112, (HLrouAeg4: 0.011873, palec: 0.007649): 0.019619): 0.002758, ((HLmolMol2: 0.025619, (mnat: 0.023290, ((HLpipKuh2: 0.020927, efus: 0.006161): 0.004609, ((mydav: 0.006065, HLmyoMyo6: 0.003433): 0.001612, (myluc: 0.003579, mybra: 0.002736): 0.001512): 0.006170): 0.016072): 0.002874): 0.004062, (meso: 0.018499, (drot: 0.012193, (HLphyDis3: 0.014249, jam: 0.014654): 0.003410): 0.008479): 0.011617): 0.007879): 0.007025): 0.012215);

  0.086382  0.030785  0.012215  0.000785  0.001184  0.034693  0.025694  0.039104  0.007025  0.002758  0.026112  0.019619  0.011873  0.007649  0.007879  0.004062  0.025619  0.002874  0.023290  0.016072  0.004609  0.020927  0.006161  0.006170  0.001612  0.006065  0.003433  0.001512  0.003579  0.002736  0.011617  0.018499  0.008479  0.012193  0.003410  0.014249  0.014654

 -0.248608 -0.056469 -1.566443 -2.473049 -0.609295  0.562560 -0.458536  0.443656 -0.420796 -0.475990 -1.400008  0.564026  2.068586  2.118851  0.267972 -2.845275  1.039728 -0.910081  0.359500 -0.112282 -0.461207 -1.774291  0.985785  1.247261  1.934033 -0.208284 -1.895718 -1.480893 -1.617042 -0.952001  0.375156 -0.258320 -2.227925 -0.124214 -0.187952 -0.601447 -0.050483


Hessian

 -1.306e+07  1.663e+06 -1.081e+06  6.948e+05  6.014e+05  1.052e+06  1.016e+06  1.062e+06  1.043e+06  1.229e+06  1.362e+06  1.353e+06  1.487e+06  1.666e+06  1.158e+06   1.22e+06  1.409e+06   1.14e+06  1.392e+06  1.358e+06  1.529e+06  1.586e+06  1.895e+06  1.598e+06  1.407e+06  1.917e+06   1.68e+06  1.318e+06  2.037e+06  2.041e+06  1.442e+06  1.447e+06  1.311e+06  1.595e+06  1.439e+06  1.487e+06  1.601e+06
  1.663e+06 -4.221e+07 -1.467e+07 -4.367e+06 -6.747e+05  6.182e+05  4.221e+05  6.793e+05 -2.475e+05  4.865e+05  1.136e+06  9.833e+05  1.439e+06  1.193e+06  6.997e+05  8.879e+05  1.485e+06  1.354e+06  1.544e+06  1.695e+06  1.502e+06  1.804e+06  1.668e+06  1.462e+06  1.564e+06  2.037e+06  1.927e+06   1.47e+06  2.009e+06  2.523e+06  1.285e+06  1.302e+06  1.316e+06  1.614e+06  1.217e+06  1.527e+06  1.675e+06
 -1.081e+06 -1.467e+07 -8.047e+07 -1.149e+07 -1.534e+06  6.669e+04  -2.87e+05  1.083e+05  -1.83e+06 -3.074e+04   7.42e+05   7.24e+05  1.232e+06   1.02e+06  1.052e+04  1.224e+05  1.156e+06  3.332e+05  1.206e+06  7.961e+05  1.144e+06  1.345e+06  1.822e+06  1.427e+06  8.444e+05  1.739e+06  1.831e+06   9.62e+05  2.032e+06  2.423e+06  9.768e+05   9.62e+05   7.37e+05  1.507e+06  1.182e+06  1.254e+06  1.274e+06
  6.948e+05 -4.367e+06 -1.149e+07 -8.635e+08 -9.201e+07 -4.739e+06  -9.38e+06 -6.931e+06 -5.947e+07 -8.079e+06 -1.375e+06 -1.665e+06  6.631e+05  3.616e+04 -5.808e+06 -2.633e+06  3.741e+04 -2.425e+06 -2.474e+05 -1.265e+06  1.696e+06  2.557e+05  8.225e+05  2.119e+05 -3.137e+06  6.206e+05  1.194e+06 -2.007e+05  7.247e+05  2.134e+06 -9.335e+05  2.028e+05 -7.501e+05  1.182e+06  1.297e+05 -4.077e+04  6.415e+05
  6.014e+05 -6.747e+05 -1.534e+06 -9.201e+07 -5.229e+08 -1.733e+07 -2.689e+07 -1.781e+06 -1.867e+07 -3.978e+06 -3.988e+05  -2.73e+05  6.121e+05 -6.594e+04 -2.945e+06 -2.355e+06  3.328e+05  -2.05e+06  1.025e+05   6.97e+05   4.53e+05   8.97e+05  3.221e+05  1.336e+06 -2.579e+05  1.026e+06  1.469e+06  6.682e+05  2.093e+06  1.463e+06 -6.414e+04   3.07e+05  4.788e+05  8.697e+05 -8.919e+05  1.006e+06  1.088e+06
  1.052e+06  6.182e+05  6.669e+04 -4.739e+06 -1.733e+07   -4.4e+07  1.553e+06  5.506e+04 -1.687e+06 -8.468e+04  9.789e+05  7.115e+05  1.094e+06  1.229e+06  2.222e+04  2.679e+05    1.2e+06  2.582e+05  1.149e+06  1.141e+06  1.052e+06   1.12e+06  1.254e+06  1.265e+06  1.048e+06  1.876e+06   1.57e+06  1.339e+06  2.222e+06  1.819e+06  1.024e+06   1.27e+06  1.191e+06  1.467e+06  9.709e+05  1.412e+06  1.446e+06
  1.016e+06  4.221e+05  -2.87e+05  -9.38e+06 -2.689e+07  1.553e+06 -6.131e+07 -1.737e+05 -3.167e+06  -4.26e+05  7.128e+05  7.623e+05  1.245e+06  1.084e+06 -8.004e+04  1.951e+05  9.639e+05 -1.271e+05  9.876e+05  1.191e+06  1.173e+06  1.665e+06  1.459e+06  1.342e+06  1.722e+06  2.063e+06  1.695e+06  1.696e+06  2.219e+06  1.996e+06  6.804e+05  1.203e+06  7.157e+05  1.367e+06  1.093e+06  1.174e+06  1.206e+06
  1.062e+06  6.793e+05  1.083e+05 -6.931e+06 -1.781e+06  5.506e+04 -1.737e+05 -3.874e+07  -1.89e+06 -4.173e+05  8.125e+05  4.765e+05  8.272e+05   1.18e+06  3.332e+05   1.94e+05  1.039e+06  4.126e+05  1.104e+06  9.001e+05  1.178e+06  1.355e+06  1.277e+06  1.262e+06  1.494e+06  1.922e+06  1.367e+06  1.579e+06  2.078e+06  2.163e+06  7.191e+05  9.566e+05      1e+06  1.481e+06  1.016e+06  1.117e+06  1.369e+06
  1.043e+06 -2.475e+05  -1.83e+06 -5.947e+07 -1.867e+07 -1.687e+06 -3.167e+06  -1.89e+06 -1.976e+08  -1.14e+07 -7.331e+05 -1.028e+06  8.013e+05  3.319e+05 -9.877e+06 -1.908e+06  7.547e+05 -1.344e+06  3.363e+05  4.625e+05  5.173e+05   4.58e+05  9.693e+05  6.063e+05  -5.99e+05  1.861e+06  1.551e+06   3.02e+05  1.337e+06  1.807e+06 -5.343e+05  4.006e+05  7.638e+05  1.232e+06  6.929e+05  1.195e+06  1.557e+06
  1.229e+06  4.865e+05 -3.074e+04 -8.079e+06 -3.978e+06 -8.468e+04  -4.26e+05 -4.173e+05  -1.14e+07 -3.941e+08 -1.263e+07 -1.615e+07  7.065e+05 -1.412e+06 -1.141e+07 -4.407e+06 -1.789e+05 -1.885e+06 -6.127e+04  -3.77e+05 -1.721e+05  1.501e+06  6.709e+05  1.949e+04  9.092e+05  1.409e+06  6.268e+05 -1.046e+06  2.238e+06  2.088e+06 -1.075e+06  2.675e+05  3.102e+05  6.707e+05 -1.046e+06  2.035e+05  8.181e+05
  1.362e+06  1.136e+06   7.42e+05 -1.375e+06 -3.988e+05  9.789e+05  7.128e+05  8.125e+05 -7.331e+05 -1.263e+07 -6.097e+07  1.114e+06  5.295e+05  8.809e+05 -7.223e+05 -1.095e+06  5.688e+05 -3.912e+05    8.2e+05  6.669e+05  1.204e+06  1.502e+06   1.75e+06   1.16e+06  1.358e+06  1.825e+06   1.81e+06  1.315e+06  1.966e+06  2.133e+06  1.565e+05  7.632e+05  1.439e+05  1.464e+06  6.073e+05  1.074e+06   1.45e+06
  1.353e+06  9.833e+05   7.24e+05 -1.665e+06  -2.73e+05  7.115e+05  7.623e+05  4.765e+05 -1.028e+06 -1.615e+07  1.114e+06 -7.841e+07  6.076e+05 -2.236e+06 -1.203e+06 -1.128e+06  6.435e+05 -5.124e+05  6.732e+05  2.532e+05  9.978e+05  1.469e+06  1.144e+06  1.455e+06  1.167e+06  2.169e+06  1.919e+06  8.785e+05  2.554e+06  1.489e+06 -1.057e+05  5.598e+05  4.349e+05  1.133e+06  1.301e+05  5.305e+05  1.139e+06
  1.487e+06  1.439e+06  1.232e+06  6.631e+05  6.121e+05  1.094e+06  1.245e+06  8.272e+05  8.013e+05  7.065e+05  5.295e+05  6.076e+05 -1.396e+08 -1.312e+07 -6.661e+04  4.074e+05  8.354e+05   5.02e+04  1.103e+06  1.011e+06  1.089e+06   1.26e+06  1.628e+06  1.754e+06  1.864e+06  2.076e+06  1.699e+06  2.175e+06  2.341e+06  1.429e+06  5.828e+05  8.196e+05  7.378e+05  1.274e+06  1.209e+06   4.66e+05  1.127e+06
  1.666e+06  1.193e+06   1.02e+06  3.616e+04 -6.594e+04  1.229e+06  1.084e+06   1.18e+06  3.319e+05 -1.412e+06  8.809e+05 -2.236e+06 -1.312e+07 -2.092e+08  5.954e+05  4.893e+05  1.278e+06  8.241e+05  1.357e+06  1.704e+06  1.852e+06  2.172e+06  1.706e+06  1.952e+06  1.154e+06  2.354e+06  1.073e+06  1.039e+06  2.013e+06  1.081e+06  1.001e+06  1.179e+06  1.577e+06  1.324e+06  6.321e+05  1.532e+06  1.249e+06
  1.158e+06  6.997e+05  1.052e+04 -5.808e+06 -2.945e+06  2.222e+04 -8.004e+04  3.332e+05 -9.877e+06 -1.141e+07 -7.223e+05 -1.203e+06 -6.661e+04  5.954e+05 -1.865e+08 -1.428e+07 -2.943e+05 -4.431e+06 -1.505e+04  -9.39e+05  1.347e+05  1.539e+05  3.903e+05  -5.54e+04  -5.71e+05  1.845e+06  1.586e+06  1.129e+06  1.534e+06  1.895e+06 -2.826e+06  1.271e+05 -4.516e+05  1.011e+06       9454  1.491e+06  1.062e+06
   1.22e+06  8.879e+05  1.224e+05 -2.633e+06 -2.355e+06  2.679e+05  1.951e+05   1.94e+05 -1.908e+06 -4.407e+06 -1.095e+06 -1.128e+06  4.074e+05  4.893e+05 -1.428e+07 -3.202e+08 -4.511e+06 -2.916e+07 -1.546e+06 -3.677e+06 -1.108e+06  6.075e+05 -4.116e+05 -1.887e+06 -2.324e+05  1.341e+06  7.281e+05  3.229e+05  8.113e+05  2.142e+06 -7.053e+06 -9.063e+04 -1.249e+06  8.926e+04 -1.682e+06 -1.139e+06 -2.526e+05
  1.409e+06  1.485e+06  1.156e+06  3.741e+04  3.328e+05    1.2e+06  9.639e+05  1.039e+06  7.547e+05 -1.789e+05  5.688e+05  6.435e+05  8.354e+05  1.278e+06 -2.943e+05 -4.511e+06 -6.282e+07  -3.53e+06 -4.967e+05 -8.085e+05 -2.898e+05  7.051e+05  4.854e+05 -6.686e+04 -4.666e+05  1.049e+06  2.012e+05  7.262e+05  1.279e+06  1.797e+06 -4.825e+05      2e+05 -5.523e+05  6.435e+05 -4.582e+05 -1.036e+05  7.917e+05
   1.14e+06  1.354e+06  3.332e+05 -2.425e+06  -2.05e+06  2.582e+05 -1.271e+05  4.126e+05 -1.344e+06 -1.885e+06 -3.912e+05 -5.124e+05   5.02e+04  8.241e+05 -4.431e+06 -2.916e+07  -3.53e+06 -3.929e+08 -1.023e+07 -1.651e+07 -1.575e+06  4.417e+05 -1.357e+06 -1.865e+06 -1.345e+06  9.286e+05  2.345e+04 -1.514e+06   1.53e+06  7.597e+05 -2.021e+06 -1.237e+06 -2.553e+06 -6.342e+05  -2.74e+06 -2.367e+06 -4.345e+05
  1.392e+06  1.544e+06  1.206e+06 -2.474e+05  1.025e+05  1.149e+06  9.876e+05  1.104e+06  3.363e+05 -6.127e+04    8.2e+05  6.732e+05  1.103e+06  1.357e+06 -1.505e+04 -1.546e+06 -4.967e+05 -1.023e+07 -6.812e+07  4.039e+05 -7.404e+05 -2.179e+05 -2.296e+05 -1.598e+05 -3.039e+05  2.199e+05  4.833e+05 -7.612e+05  8.988e+05  4.783e+05 -5.188e+05  4.482e+05 -1.201e+05  6.178e+05 -6.618e+05  4.463e+05  7.371e+05
  1.358e+06  1.695e+06  7.961e+05 -1.265e+06   6.97e+05  1.141e+06  1.191e+06  9.001e+05  4.625e+05  -3.77e+05  6.669e+05  2.532e+05  1.011e+06  1.704e+06  -9.39e+05 -3.677e+06 -8.085e+05 -1.651e+07  4.039e+05  -9.72e+07 -7.624e+05 -4.881e+05 -7.166e+05  -3.62e+06 -8.581e+05  1.085e+06 -2.815e+05 -1.586e+06 -1.217e+05  7.724e+04   -1.8e+06   7.55e+04 -9.147e+05  7.391e+05 -7.861e+05 -2.979e+05  8.502e+05
  1.529e+06  1.502e+06  1.144e+06  1.696e+06   4.53e+05  1.052e+06  1.173e+06  1.178e+06  5.173e+05 -1.721e+05  1.204e+06  9.978e+05  1.089e+06  1.852e+06  1.347e+05 -1.108e+06 -2.898e+05 -1.575e+06 -7.404e+05 -7.624e+05 -3.253e+08 -1.203e+06 -2.042e+07 -2.186e+07 -2.555e+06 -3.895e+06 -4.784e+06 -4.738e+06 -3.007e+06 -2.376e+06 -5.625e+05  5.007e+05 -1.257e+06   1.11e+06 -3.978e+05 -1.187e+05  9.799e+05
  1.586e+06  1.804e+06  1.345e+06  2.557e+05   8.97e+05   1.12e+06  1.665e+06  1.355e+06   4.58e+05  1.501e+06  1.502e+06  1.469e+06   1.26e+06  2.172e+06  1.539e+05  6.075e+05  7.051e+05  4.417e+05 -2.179e+05 -4.881e+05 -1.203e+06 -8.019e+07 -3.974e+06 -2.362e+06 -5.357e+06 -1.902e+06 -1.822e+06  -4.23e+06 -2.186e+06  4.595e+05  6.333e+05  8.192e+05  4.197e+05  1.642e+06  4.401e+05  4.589e+05  1.355e+06
  1.895e+06  1.668e+06  1.822e+06  8.225e+05  3.221e+05  1.254e+06  1.459e+06  1.277e+06  9.693e+05  6.709e+05   1.75e+06  1.144e+06  1.628e+06  1.706e+06  3.903e+05 -4.116e+05  4.854e+05 -1.357e+06 -2.296e+05 -7.166e+05 -2.042e+07 -3.974e+06 -2.629e+08  -1.03e+07 -3.712e+06 -1.277e+06  -2.46e+06 -4.639e+06 -2.239e+06 -2.513e+06  4.022e+05   1.07e+06   8.97e+05  1.063e+06  2.793e+05  1.083e+06   1.13e+06
  1.598e+06  1.462e+06  1.427e+06  2.119e+05  1.336e+06  1.265e+06  1.342e+06  1.262e+06  6.063e+05  1.949e+04   1.16e+06  1.455e+06  1.754e+06  1.952e+06  -5.54e+04 -1.887e+06 -6.686e+04 -1.865e+06 -1.598e+05  -3.62e+06 -2.186e+07 -2.362e+06  -1.03e+07 -2.593e+08 -8.002e+06 -3.318e+06 -5.861e+06  -1.02e+07  -4.65e+06 -6.773e+06  -8.32e+05  3.921e+05 -7.864e+04  1.214e+06 -1.156e+06  5.654e+05  1.202e+06
  1.407e+06  1.564e+06  8.444e+05 -3.137e+06 -2.579e+05  1.048e+06  1.722e+06  1.494e+06  -5.99e+05  9.092e+05  1.358e+06  1.167e+06  1.864e+06  1.154e+06  -5.71e+05 -2.324e+05 -4.666e+05 -1.345e+06 -3.039e+05 -8.581e+05 -2.555e+06 -5.357e+06 -3.712e+06 -8.002e+06 -1.012e+09 -5.079e+06 -2.925e+07 -6.493e+07 -5.266e+06 -1.214e+07  -1.76e+05  1.086e+05 -2.793e+05  9.166e+05 -1.091e+06 -1.298e+05  1.286e+06
  1.917e+06  2.037e+06  1.739e+06  6.206e+05  1.026e+06  1.876e+06  2.063e+06  1.922e+06  1.861e+06  1.409e+06  1.825e+06  2.169e+06  2.076e+06  2.354e+06  1.845e+06  1.341e+06  1.049e+06  9.286e+05  2.199e+05  1.085e+06 -3.895e+06 -1.902e+06 -1.277e+06 -3.318e+06 -5.079e+06 -2.948e+08 -5.728e+06 -5.087e+06 -6.395e+06 -1.125e+07  1.797e+06  1.398e+06  1.239e+06  1.622e+06  1.956e+06  1.274e+06  2.012e+06
   1.68e+06  1.927e+06  1.831e+06  1.194e+06  1.469e+06   1.57e+06  1.695e+06  1.367e+06  1.551e+06  6.268e+05   1.81e+06  1.919e+06  1.699e+06  1.073e+06  1.586e+06  7.281e+05  2.012e+05  2.345e+04  4.833e+05 -2.815e+05 -4.784e+06 -1.822e+06  -2.46e+06 -5.861e+06 -2.925e+07 -5.728e+06 -5.282e+08 -1.674e+07 -6.105e+06 -6.405e+06  6.894e+05  7.169e+05  4.615e+05  1.016e+06  4.349e+05  1.229e+06  1.345e+06
  1.318e+06   1.47e+06   9.62e+05 -2.007e+05  6.682e+05  1.339e+06  1.696e+06  1.579e+06   3.02e+05 -1.046e+06  1.315e+06  8.785e+05  2.175e+06  1.039e+06  1.129e+06  3.229e+05  7.262e+05 -1.514e+06 -7.612e+05 -1.586e+06 -4.738e+06  -4.23e+06 -4.639e+06  -1.02e+07 -6.493e+07 -5.087e+06 -1.674e+07 -1.052e+09 -1.916e+07 -2.937e+07   3.26e+05  1.499e+05  1.065e+06  1.401e+06  7.563e+04  4.713e+04  1.396e+06
  2.037e+06  2.009e+06  2.032e+06  7.247e+05  2.093e+06  2.222e+06  2.219e+06  2.078e+06  1.337e+06  2.238e+06  1.966e+06  2.554e+06  2.341e+06  2.013e+06  1.534e+06  8.113e+05  1.279e+06   1.53e+06  8.988e+05 -1.217e+05 -3.007e+06 -2.186e+06 -2.239e+06  -4.65e+06 -5.266e+06 -6.395e+06 -6.105e+06 -1.916e+07 -4.991e+08 -1.271e+07  1.513e+06  1.366e+06  1.038e+06  2.463e+06  1.683e+06   1.16e+06  1.875e+06
  2.041e+06  2.523e+06  2.423e+06  2.134e+06  1.463e+06  1.819e+06  1.996e+06  2.163e+06  1.807e+06  2.088e+06  2.133e+06  1.489e+06  1.429e+06  1.081e+06  1.895e+06  2.142e+06  1.797e+06  7.597e+05  4.783e+05  7.724e+04 -2.376e+06  4.595e+05 -2.513e+06 -6.773e+06 -1.214e+07 -1.125e+07 -6.405e+06 -2.937e+07 -1.271e+07 -6.507e+08  1.612e+06  1.545e+06  1.526e+06  1.322e+06  1.129e+06  1.134e+06  1.962e+06
  1.442e+06  1.285e+06  9.768e+05 -9.335e+05 -6.414e+04  1.024e+06  6.804e+05  7.191e+05 -5.343e+05 -1.075e+06  1.565e+05 -1.057e+05  5.828e+05  1.001e+06 -2.826e+06 -7.053e+06 -4.825e+05 -2.021e+06 -5.188e+05   -1.8e+06 -5.625e+05  6.333e+05  4.022e+05  -8.32e+05  -1.76e+05  1.797e+06  6.894e+05   3.26e+05  1.513e+06  1.612e+06  -1.31e+08 -1.088e+06 -6.873e+06 -2.446e+05 -1.349e+06  3.534e+05  4.795e+05
  1.447e+06  1.302e+06   9.62e+05  2.028e+05   3.07e+05   1.27e+06  1.203e+06  9.566e+05  4.006e+05  2.675e+05  7.632e+05  5.598e+05  8.196e+05  1.179e+06  1.271e+05 -9.063e+04      2e+05 -1.237e+06  4.482e+05   7.55e+04  5.007e+05  8.192e+05   1.07e+06  3.921e+05  1.086e+05  1.398e+06  7.169e+05  1.499e+05  1.366e+06  1.545e+06 -1.088e+06 -8.683e+07 -4.128e+06 -5.794e+05 -1.023e+06 -2.327e+06 -1.017e+06
  1.311e+06  1.316e+06   7.37e+05 -7.501e+05  4.788e+05  1.191e+06  7.157e+05      1e+06  7.638e+05  3.102e+05  1.439e+05  4.349e+05  7.378e+05  1.577e+06 -4.516e+05 -1.249e+06 -5.523e+05 -2.553e+06 -1.201e+05 -9.147e+05 -1.257e+06  4.197e+05   8.97e+05 -7.864e+04 -2.793e+05  1.239e+06  4.615e+05  1.065e+06  1.038e+06  1.526e+06 -6.873e+06 -4.128e+06 -1.729e+08 -4.495e+06 -8.887e+06 -1.199e+06 -1.062e+06
  1.595e+06  1.614e+06  1.507e+06  1.182e+06  8.697e+05  1.467e+06  1.367e+06  1.481e+06  1.232e+06  6.707e+05  1.464e+06  1.133e+06  1.274e+06  1.324e+06  1.011e+06  8.926e+04  6.435e+05 -6.342e+05  6.178e+05  7.391e+05   1.11e+06  1.642e+06  1.063e+06  1.214e+06  9.166e+05  1.622e+06  1.016e+06  1.401e+06  2.463e+06  1.322e+06 -2.446e+05 -5.794e+05 -4.495e+06 -1.359e+08 -1.409e+07 -1.776e+06 -1.485e+06
  1.439e+06  1.217e+06  1.182e+06  1.297e+05 -8.919e+05  9.709e+05  1.093e+06  1.016e+06  6.929e+05 -1.046e+06  6.073e+05  1.301e+05  1.209e+06  6.321e+05       9454 -1.682e+06 -4.582e+05  -2.74e+06 -6.618e+05 -7.861e+05 -3.978e+05  4.401e+05  2.793e+05 -1.156e+06 -1.091e+06  1.956e+06  4.349e+05  7.563e+04  1.683e+06  1.129e+06 -1.349e+06 -1.023e+06 -8.887e+06 -1.409e+07 -3.916e+08 -1.084e+07  -9.55e+06
  1.487e+06  1.527e+06  1.254e+06 -4.077e+04  1.006e+06  1.412e+06  1.174e+06  1.117e+06  1.195e+06  2.035e+05  1.074e+06  5.305e+05   4.66e+05  1.532e+06  1.491e+06 -1.139e+06 -1.036e+05 -2.367e+06  4.463e+05 -2.979e+05 -1.187e+05  4.589e+05  1.083e+06  5.654e+05 -1.298e+05  1.274e+06  1.229e+06  4.713e+04   1.16e+06  1.134e+06  3.534e+05 -2.327e+06 -1.199e+06 -1.776e+06 -1.084e+07 -1.167e+08 -1.899e+06
  1.601e+06  1.675e+06  1.274e+06  6.415e+05  1.088e+06  1.446e+06  1.206e+06  1.369e+06  1.557e+06  8.181e+05   1.45e+06  1.139e+06  1.127e+06  1.249e+06  1.062e+06 -2.526e+05  7.917e+05 -4.345e+05  7.371e+05  8.502e+05  9.799e+05  1.355e+06   1.13e+06  1.202e+06  1.286e+06  2.012e+06  1.345e+06  1.396e+06  1.875e+06  1.962e+06  4.795e+05 -1.017e+06 -1.062e+06 -1.485e+06  -9.55e+06 -1.899e+06 -1.128e+08

 20

(mm: 0.057876, hg: 0.022445, (((canfam: 0.024285, ecab: 0.018775): 0.001057, sscrofa: 0.026895): 0.000574, ((HLrhiFer5: 0.019177, (HLrouAeg4: 0.008630, palec: 0.005975): 0.014340): 0.002050, ((HLmolMol2: 0.018894, (mnat: 0.016912, ((HLpipKuh2: 0.014521, efus: 0.004650): 0.003301, ((mydav: 0.004522, HLmyoMyo6: 0.002607): 0.001223, (myluc: 0.002897, mybra: 0.002164): 0.001107): 0.004554): 0.011642): 0.002102): 0.003034, (meso: 0.013588, (drot: 0.009107, (HLphyDis3: 0.009953, jam: 0.010815): 0.002463): 0.006106): 0.008706): 0.005561): 0.005180): 0.008875);

  0.057876  0.022445  0.008875  0.000574  0.001057  0.024285  0.018775  0.026895  0.005180  0.002050  0.019177  0.014340  0.008630  0.005975  0.005561  0.003034  0.018894  0.002102  0.016912  0.011642  0.003301  0.014521  0.004650  0.004554  0.001223  0.004522  0.002607  0.001107  0.002897  0.002164  0.008706  0.013588  0.006106  0.009107  0.002463  0.009953  0.010815

 -0.548031  1.257011  1.253149  4.095467  4.544707 -1.029716 -1.464940 -1.482831  3.715359  0.987506 -0.577977 -1.285419  0.987989 -0.148127  2.780832  0.668524  2.040622  0.720261  1.009707 -1.281943 -0.480374 -0.539321 -0.148322 -0.257270 -2.341740  0.553960  0.443550  2.965309  0.185726  1.108204 -1.724233  1.153141  0.696567  2.328059  1.210068 -2.469043  0.020731


Hessian

 -2.009e+07  2.042e+06 -2.027e+06  4.712e+05  4.597e+05  1.089e+06  1.093e+06  1.019e+06  9.883e+05  1.361e+06  1.659e+06  1.547e+06  1.758e+06  2.065e+06  1.187e+06  1.323e+06  1.574e+06  9.274e+05  1.608e+06  1.394e+06  1.458e+06  1.794e+06  1.842e+06  1.467e+06  1.731e+06  2.271e+06  1.757e+06  1.511e+06  2.691e+06  2.501e+06  1.363e+06  1.537e+06  1.424e+06  1.919e+06   1.64e+06  1.592e+06  1.761e+06
  2.042e+06 -5.768e+07 -1.847e+07 -6.106e+06 -1.563e+06  4.176e+05  8.271e+04  2.983e+05  -8.34e+05 -3.158e+05  1.136e+06  9.443e+05  1.786e+06  1.637e+06  4.306e+05  8.207e+05  1.489e+06  6.507e+05  1.694e+06  1.494e+06  1.622e+06  1.791e+06  2.094e+06   1.66e+06  2.119e+06  2.867e+06  2.161e+06  1.741e+06  2.856e+06  2.763e+06  1.244e+06  1.408e+06  1.334e+06  2.059e+06  1.442e+06  1.611e+06  1.711e+06
 -2.027e+06 -1.847e+07 -1.131e+08 -1.641e+07 -3.214e+06 -8.362e+05  -1.19e+06 -7.081e+05  -3.21e+06 -1.034e+06  4.996e+05  8.876e+04  1.065e+06  1.242e+06 -1.217e+06 -6.843e+05   8.31e+05 -1.203e+06  7.815e+05 -7.524e+04  4.993e+05  8.605e+05   1.64e+06  7.048e+05  1.051e+06  2.414e+06  1.367e+06  9.992e+05   2.49e+06  1.719e+06  2.658e+05  7.897e+05  2.243e+05  1.565e+06  7.575e+05  1.024e+06  1.315e+06
  4.712e+05 -6.106e+06 -1.641e+07 -1.188e+09  -1.15e+08 -6.467e+06 -1.174e+07 -1.096e+07 -7.976e+07 -1.135e+07 -3.236e+06   -2.6e+06 -1.391e+06 -1.734e+06  -9.12e+06 -3.508e+06 -1.966e+06 -4.283e+06 -4.802e+05 -1.835e+06 -3.715e+06 -4.234e+05  -7.72e+05 -8.939e+05 -3.193e+06  1.448e+06 -1.664e+05 -1.828e+06  5.801e+05 -2.571e+06 -2.264e+06 -9.233e+05 -3.475e+05  9.575e+05 -3.321e+06 -5.122e+05 -5.549e+05
  4.597e+05 -1.563e+06 -3.214e+06  -1.15e+08  -6.67e+08  -2.22e+07 -3.273e+07 -3.468e+06 -2.281e+07 -8.348e+06 -2.073e+06 -2.452e+06 -2.178e+05  -1.35e+06 -5.402e+06  -4.72e+06  1.922e+05 -4.874e+06 -8.642e+05 -1.446e+06 -8.097e+05  1.972e+05 -5.074e+05 -2.549e+06 -2.404e+06   1.97e+06 -4.241e+05 -2.361e+06  1.209e+06 -8.567e+05 -2.591e+06 -9.434e+05 -1.294e+06  9.652e+05 -1.821e+06 -1.967e+05 -7.081e+05
  1.089e+06  4.176e+05 -8.362e+05 -6.467e+06  -2.22e+07  -6.24e+07  1.519e+06 -7.458e+05 -3.544e+06 -1.403e+06  7.663e+05  1.661e+05   7.83e+05  1.021e+06  -2.36e+05  5.468e+05  9.417e+05 -5.633e+05   7.04e+05   8.26e+05  5.442e+05  1.009e+06   1.18e+06  8.992e+05   1.29e+06  1.902e+06  1.212e+06  1.283e+06  2.322e+06  2.235e+06  3.193e+05  9.706e+05  8.244e+05  1.364e+06  2.809e+05  9.249e+05  1.295e+06
  1.093e+06  8.271e+04  -1.19e+06 -1.174e+07 -3.273e+07  1.519e+06 -8.272e+07 -9.119e+05 -4.954e+06 -1.988e+06  4.625e+05  1.201e+05  9.935e+05  8.435e+05 -5.756e+05 -4.108e+05  7.628e+05 -8.306e+05  7.454e+05  4.558e+05  9.234e+05  1.367e+06    1.1e+06  8.741e+05  5.408e+05  2.458e+06  1.081e+06  1.371e+06  2.004e+06  2.011e+06  1.592e+04   7.22e+05  6.297e+05  1.372e+06  6.578e+05  1.184e+06  1.289e+06
  1.019e+06  2.983e+05 -7.081e+05 -1.096e+07 -3.468e+06 -7.458e+05 -9.119e+05 -5.651e+07 -3.199e+06 -1.562e+06  5.211e+05 -4.033e+04  5.284e+05  1.219e+06 -3.208e+05 -2.362e+05  9.373e+05 -7.222e+05  8.373e+05  5.281e+05  6.334e+05  1.161e+06   1.14e+06  8.769e+05  8.346e+05  1.843e+06  1.683e+06  1.095e+06  2.596e+06  2.438e+06  3.309e+04  5.891e+05  4.748e+05  1.204e+06  2.791e+05  7.509e+05  1.093e+06
  9.883e+05  -8.34e+05  -3.21e+06 -7.976e+07 -2.281e+07 -3.544e+06 -4.954e+06 -3.199e+06 -2.657e+08  -1.52e+07 -2.067e+06 -1.956e+06 -1.824e+05 -6.018e+05 -1.383e+07 -3.532e+06 -2.541e+05 -3.432e+06 -8.531e+05 -1.204e+06 -1.698e+06  2.214e+05  5.752e+05 -7.923e+05  1.082e+06  2.811e+06  5.133e+05 -3.566e+05  1.755e+06  1.163e+06 -1.299e+06 -1.059e+05 -2.731e+05  3.739e+05 -1.404e+06  2.141e+05  8.984e+05
  1.361e+06 -3.158e+05 -1.034e+06 -1.135e+07 -8.348e+06 -1.403e+06 -1.988e+06 -1.562e+06  -1.52e+07 -5.263e+08 -1.738e+07 -2.233e+07 -1.082e+05 -2.025e+06 -1.502e+07 -5.496e+06 -1.385e+06 -5.469e+06 -1.534e+06 -2.145e+06  2.012e+05  6.278e+05  -1.05e+06  7.167e+04  3.094e+05   1.66e+06  1.793e+06  2.732e+05  1.854e+06  9.392e+05 -1.467e+06 -1.469e+06 -1.866e+06 -9.619e+05 -3.299e+06 -9.462e+05  3.588e+05
  1.659e+06  1.136e+06  4.996e+05 -3.236e+06 -2.073e+06  7.663e+05  4.625e+05  5.211e+05 -2.067e+06 -1.738e+07 -8.172e+07  1.086e+06  2.393e+05   1.11e+06 -1.707e+06 -1.861e+06  3.785e+05 -2.028e+06  6.618e+05  3.987e+05  9.525e+05  1.455e+06  1.153e+06    6.7e+05  4.387e+05  1.735e+06  1.966e+06  1.212e+06  2.867e+06  2.607e+06 -5.679e+05  1.566e+05  1.758e+05  1.168e+06 -3.647e+05  6.626e+05  1.528e+06
  1.547e+06  9.443e+05  8.876e+04   -2.6e+06 -2.452e+06  1.661e+05  1.201e+05 -4.033e+04 -1.956e+06 -2.233e+07  1.086e+06 -1.057e+08 -3.261e+04 -2.449e+06 -1.848e+06 -1.343e+06   7.43e+04 -2.029e+06  2.393e+05  1.594e+05  3.185e+04   1.43e+06  1.674e+06  1.081e+06  1.398e+06  2.055e+06   1.42e+06  1.637e+06  2.704e+06  2.961e+06 -8.713e+05 -1.223e+05 -2.365e+05  1.179e+06  -9.15e+05  2.615e+05  5.674e+05
  1.758e+06  1.786e+06  1.065e+06 -1.391e+06 -2.178e+05   7.83e+05  9.935e+05  5.284e+05 -1.824e+05 -1.082e+05  2.393e+05 -3.261e+04 -1.886e+08 -1.591e+07 -3.883e+05  8.022e+05  4.919e+05  -1.13e+06  8.013e+05  8.205e+05 -1.357e+05  1.553e+06  1.667e+06  1.179e+06  2.574e+06  2.551e+06  2.152e+06  7.751e+05  2.753e+06  1.662e+06  8.968e+04  4.157e+05  2.025e+05  1.315e+06       1442  3.988e+05  1.145e+06
  2.065e+06  1.637e+06  1.242e+06 -1.734e+06  -1.35e+06  1.021e+06  8.435e+05  1.219e+06 -6.018e+05 -2.025e+06   1.11e+06 -2.449e+06 -1.591e+07 -2.644e+08 -2.572e+05       9471   1.34e+06 -4.579e+05  9.663e+05  1.389e+06  1.689e+06  2.425e+06  1.933e+06  2.402e+06  2.372e+06  2.081e+06  1.567e+06 -4.396e+05  1.654e+06  1.186e+06  1.023e+06  8.669e+05  1.361e+06   1.25e+06  1.301e+06  1.264e+06  1.179e+06
  1.187e+06  4.306e+05 -1.217e+06  -9.12e+06 -5.402e+06  -2.36e+05 -5.756e+05 -3.208e+05 -1.383e+07 -1.502e+07 -1.707e+06 -1.848e+06 -3.883e+05 -2.572e+05   -2.6e+08 -1.991e+07 -1.679e+06 -7.487e+06 -8.429e+05 -2.761e+06 -1.216e+06 -1.893e+05 -7.004e+05  -1.05e+06       7130  1.601e+06  4.102e+05 -2.787e+06  3.195e+06  3.093e+05 -4.633e+06  -8.45e+05 -1.622e+06  6.708e+04  -2.18e+06  8.138e+04  6.219e+05
  1.323e+06  8.207e+05 -6.843e+05 -3.508e+06  -4.72e+06  5.468e+05 -4.108e+05 -2.362e+05 -3.532e+06 -5.496e+06 -1.861e+06 -1.343e+06  8.022e+05       9471 -1.991e+07 -4.249e+08 -6.579e+06 -4.114e+07 -2.664e+06 -5.785e+06 -2.459e+06 -8.325e+05 -7.642e+05 -2.808e+06 -1.627e+06  8.824e+05 -2.913e+06 -2.965e+06  3.049e+05  2.245e+06 -9.693e+06 -9.008e+05 -2.403e+06 -1.458e+06 -3.296e+06 -2.133e+06 -1.205e+05
  1.574e+06  1.489e+06   8.31e+05 -1.966e+06  1.922e+05  9.417e+05  7.628e+05  9.373e+05 -2.541e+05 -1.385e+06  3.785e+05   7.43e+04  4.919e+05   1.34e+06 -1.679e+06 -6.579e+06 -8.395e+07 -6.024e+06 -1.123e+06 -1.622e+06 -1.397e+06  5.579e+04  1.017e+05 -8.048e+05 -4.442e+05  1.253e+06  -6.86e+04  1.508e+04  1.427e+06  1.589e+06 -1.497e+06 -1.688e+05 -1.234e+06  4.363e+05 -1.411e+06  -4.43e+05  5.532e+05
  9.274e+05  6.507e+05 -1.203e+06 -4.283e+06 -4.874e+06 -5.633e+05 -8.306e+05 -7.222e+05 -3.432e+06 -5.469e+06 -2.028e+06 -2.029e+06  -1.13e+06 -4.579e+05 -7.487e+06 -4.114e+07 -6.024e+06  -5.32e+08 -1.378e+07 -2.201e+07 -3.362e+06 -3.547e+05 -5.091e+06 -3.439e+06  -1.09e+06  1.902e+06 -1.769e+06 -3.796e+06  1.077e+05  5.702e+05 -3.699e+06 -2.745e+06 -4.953e+06 -1.129e+06 -5.264e+06 -2.995e+06 -8.721e+05
  1.608e+06  1.694e+06  7.815e+05 -4.802e+05 -8.642e+05   7.04e+05  7.454e+05  8.373e+05 -8.531e+05 -1.534e+06  6.618e+05  2.393e+05  8.013e+05  9.663e+05 -8.429e+05 -2.664e+06 -1.123e+06 -1.378e+07 -9.267e+07 -4.581e+05 -1.716e+06  -6.44e+05 -8.298e+05 -1.056e+06 -1.358e+06  1.574e+05 -5.341e+05 -3.025e+05  7.792e+05   1.71e+06 -1.366e+06 -3.457e+05 -1.003e+06  2.153e+05 -9.844e+05 -1.919e+05  6.033e+05
  1.394e+06  1.494e+06 -7.524e+04 -1.835e+06 -1.446e+06   8.26e+05  4.558e+05  5.281e+05 -1.204e+06 -2.145e+06  3.987e+05  1.594e+05  8.205e+05  1.389e+06 -2.761e+06 -5.785e+06 -1.622e+06 -2.201e+07 -4.581e+05 -1.329e+08 -2.226e+06 -1.393e+06 -1.939e+06 -5.271e+06 -2.901e+06  1.102e+06 -1.362e+06  -2.76e+06  4.233e+05 -6.104e+05 -2.235e+06 -4.583e+05 -2.122e+06  1.375e+05  -1.86e+06 -1.059e+06  5.438e+05
  1.458e+06  1.622e+06  4.993e+05 -3.715e+06 -8.097e+05  5.442e+05  9.234e+05  6.334e+05 -1.698e+06  2.012e+05  9.525e+05  3.185e+04 -1.357e+05  1.689e+06 -1.216e+06 -2.459e+06 -1.397e+06 -3.362e+06 -1.716e+06 -2.226e+06 -4.499e+08  -2.73e+06 -2.603e+07  -3.02e+07 -5.091e+06 -5.136e+06 -5.745e+06 -7.429e+06 -3.904e+06 -3.224e+06 -1.522e+06 -9.821e+04 -1.851e+06  9.659e+05 -2.128e+06 -9.744e+05  9.804e+05
  1.794e+06  1.791e+06  8.605e+05 -4.234e+05  1.972e+05  1.009e+06  1.367e+06  1.161e+06  2.214e+05  6.278e+05  1.455e+06   1.43e+06  1.553e+06  2.425e+06 -1.893e+05 -8.325e+05  5.579e+04 -3.547e+05  -6.44e+05 -1.393e+06  -2.73e+06 -1.156e+08 -6.191e+06 -3.168e+06  -7.42e+06  -2.63e+06 -3.942e+06 -6.928e+06 -1.707e+06 -1.238e+06  2.116e+05  5.302e+05  1.464e+05  1.544e+06 -9.821e+05  2.605e+05  1.305e+06
  1.842e+06  2.094e+06   1.64e+06  -7.72e+05 -5.074e+05   1.18e+06    1.1e+06   1.14e+06  5.752e+05  -1.05e+06  1.153e+06  1.674e+06  1.667e+06  1.933e+06 -7.004e+05 -7.642e+05  1.017e+05 -5.091e+06 -8.298e+05 -1.939e+06 -2.603e+07 -6.191e+06 -3.469e+08 -1.256e+07 -9.602e+06 -1.954e+06 -6.073e+06  -7.11e+06  -2.78e+06 -3.627e+06  9.645e+05  4.342e+05  3.487e+04  1.006e+06 -1.505e+06   8.04e+04  1.303e+06
  1.467e+06   1.66e+06  7.048e+05 -8.939e+05 -2.549e+06  8.992e+05  8.741e+05  8.769e+05 -7.923e+05  7.167e+04    6.7e+05  1.081e+06  1.179e+06  2.402e+06  -1.05e+06 -2.808e+06 -8.048e+05 -3.439e+06 -1.056e+06 -5.271e+06  -3.02e+07 -3.168e+06 -1.256e+07 -3.477e+08 -1.004e+07 -5.892e+06 -9.169e+06 -1.419e+07 -6.402e+06 -1.025e+07 -1.241e+06  1.436e+05 -9.144e+05  1.163e+06 -1.527e+06 -1.802e+05  1.393e+06
  1.731e+06  2.119e+06  1.051e+06 -3.193e+06 -2.404e+06   1.29e+06  5.408e+05  8.346e+05  1.082e+06  3.094e+05  4.387e+05  1.398e+06  2.574e+06  2.372e+06       7130 -1.627e+06 -4.442e+05  -1.09e+06 -1.358e+06 -2.901e+06 -5.091e+06  -7.42e+06 -9.602e+06 -1.004e+07 -1.318e+09 -7.235e+06 -3.728e+07 -8.367e+07 -9.194e+06 -1.507e+07 -6.101e+05 -4.213e+05 -1.469e+06  1.793e+06  1.084e+06 -1.033e+06  1.419e+06
  2.271e+06  2.867e+06  2.414e+06  1.448e+06   1.97e+06  1.902e+06  2.458e+06  1.843e+06  2.811e+06   1.66e+06  1.735e+06  2.055e+06  2.551e+06  2.081e+06  1.601e+06  8.824e+05  1.253e+06  1.902e+06  1.574e+05  1.102e+06 -5.136e+06  -2.63e+06 -1.954e+06 -5.892e+06 -7.235e+06 -3.882e+08 -8.618e+06  -9.14e+06 -7.641e+06  -1.33e+07  6.829e+05  1.002e+06   5.44e+05  1.803e+06  1.679e+06   9.36e+05  2.331e+06
  1.757e+06  2.161e+06  1.367e+06 -1.664e+05 -4.241e+05  1.212e+06  1.081e+06  1.683e+06  5.133e+05  1.793e+06  1.966e+06   1.42e+06  2.152e+06  1.567e+06  4.102e+05 -2.913e+06  -6.86e+04 -1.769e+06 -5.341e+05 -1.362e+06 -5.745e+06 -3.942e+06 -6.073e+06 -9.169e+06 -3.728e+07 -8.618e+06 -6.836e+08 -1.868e+07 -8.167e+06 -1.316e+07  7.369e+05  1.397e+06  2.587e+05  7.603e+05 -7.001e+05 -5.952e+05  7.159e+05
  1.511e+06  1.741e+06  9.992e+05 -1.828e+06 -2.361e+06  1.283e+06  1.371e+06  1.095e+06 -3.566e+05  2.732e+05  1.212e+06  1.637e+06  7.751e+05 -4.396e+05 -2.787e+06 -2.965e+06  1.508e+04 -3.796e+06 -3.025e+05  -2.76e+06 -7.429e+06 -6.928e+06  -7.11e+06 -1.419e+07 -8.367e+07  -9.14e+06 -1.868e+07 -1.404e+09 -2.394e+07 -3.767e+07 -4.994e+05 -7.592e+05 -3.903e+05  2.176e+05 -5.607e+05  4.518e+05  6.471e+05
  2.691e+06  2.856e+06   2.49e+06  5.801e+05  1.209e+06  2.322e+06  2.004e+06  2.596e+06  1.755e+06  1.854e+06  2.867e+06  2.704e+06  2.753e+06  1.654e+06  3.195e+06  3.049e+05  1.427e+06  1.077e+05  7.792e+05  4.233e+05 -3.904e+06 -1.707e+06  -2.78e+06 -6.402e+06 -9.194e+06 -7.641e+06 -8.167e+06 -2.394e+07 -6.056e+08 -1.244e+07  1.218e+06  1.802e+06  2.357e+06  2.435e+06  4.206e+05  1.908e+06  2.435e+06
  2.501e+06  2.763e+06  1.719e+06 -2.571e+06 -8.567e+05  2.235e+06  2.011e+06  2.438e+06  1.163e+06  9.392e+05  2.607e+06  2.961e+06  1.662e+06  1.186e+06  3.093e+05  2.245e+06  1.589e+06  5.702e+05   1.71e+06 -6.104e+05 -3.224e+06 -1.238e+06 -3.627e+06 -1.025e+07 -1.507e+07  -1.33e+07 -1.316e+07 -3.767e+07 -1.244e+07 -8.058e+08   1.53e+06  2.132e+06  8.983e+05  1.339e+06  1.781e+06  1.487e+06  2.233e+06
  1.363e+06  1.244e+06  2.658e+05 -2.264e+06 -2.591e+06  3.193e+05  1.592e+04  3.309e+04 -1.299e+06 -1.467e+06 -5.679e+05 -8.713e+05  8.968e+04  1.023e+06 -4.633e+06 -9.693e+06 -1.497e+06 -3.699e+06 -1.366e+06 -2.235e+06 -1.522e+06  2.116e+05  9.645e+05 -1.241e+06 -6.101e+05  6.829e+05  7.369e+05 -4.994e+05  1.218e+06   1.53e+06 -1.726e+08 -2.018e+06 -1.042e+07 -1.344e+06 -3.581e+06 -6.855e+05 -1.009e+05
  1.537e+06  1.408e+06  7.897e+05 -9.233e+05 -9.434e+05  9.706e+05   7.22e+05  5.891e+05 -1.059e+05 -1.469e+06  1.566e+05 -1.223e+05  4.157e+05  8.669e+05  -8.45e+05 -9.008e+05 -1.688e+05 -2.745e+06 -3.457e+05 -4.583e+05 -9.821e+04  5.302e+05  4.342e+05  1.436e+05 -4.213e+05  1.002e+06  1.397e+06 -7.592e+05  1.802e+06  2.132e+06 -2.018e+06 -1.163e+08 -6.631e+06 -1.239e+06 -2.485e+06 -3.131e+06 -1.648e+06
  1.424e+06  1.334e+06  2.243e+05 -3.475e+05 -1.294e+06  8.244e+05  6.297e+05  4.748e+05 -2.731e+05 -1.866e+06  1.758e+05 -2.365e+05  2.025e+05  1.361e+06 -1.622e+06 -2.403e+06 -1.234e+06 -4.953e+06 -1.003e+06 -2.122e+06 -1.851e+06  1.464e+05  3.487e+04 -9.144e+05 -1.469e+06   5.44e+05  2.587e+05 -3.903e+05  2.357e+06  8.983e+05 -1.042e+07 -6.631e+06 -2.352e+08 -6.768e+06 -1.325e+07 -2.872e+06 -2.752e+06
  1.919e+06  2.059e+06  1.565e+06  9.575e+05  9.652e+05  1.364e+06  1.372e+06  1.204e+06  3.739e+05 -9.619e+05  1.168e+06  1.179e+06  1.315e+06   1.25e+06  6.708e+04 -1.458e+06  4.363e+05 -1.129e+06  2.153e+05  1.375e+05  9.659e+05  1.544e+06  1.006e+06  1.163e+06  1.793e+06  1.803e+06  7.603e+05  2.176e+05  2.435e+06  1.339e+06 -1.344e+06 -1.239e+06 -6.768e+06 -1.791e+08 -2.043e+07   -3.2e+06  -2.92e+06
   1.64e+06  1.442e+06  7.575e+05 -3.321e+06 -1.821e+06  2.809e+05  6.578e+05  2.791e+05 -1.404e+06 -3.299e+06 -3.647e+05  -9.15e+05       1442  1.301e+06  -2.18e+06 -3.296e+06 -1.411e+06 -5.264e+06 -9.844e+05  -1.86e+06 -2.128e+06 -9.821e+05 -1.505e+06 -1.527e+06  1.084e+06  1.679e+06 -7.001e+05 -5.607e+05  4.206e+05  1.781e+06 -3.581e+06 -2.485e+06 -1.325e+07 -2.043e+07 -5.354e+08 -1.504e+07 -1.217e+07
  1.592e+06  1.611e+06  1.024e+06 -5.122e+05 -1.967e+05  9.249e+05  1.184e+06  7.509e+05  2.141e+05 -9.462e+05  6.626e+05  2.615e+05  3.988e+05  1.264e+06  8.138e+04 -2.133e+06  -4.43e+05 -2.995e+06 -1.919e+05 -1.059e+06 -9.744e+05  2.605e+05   8.04e+04 -1.802e+05 -1.033e+06   9.36e+05 -5.952e+05  4.518e+05  1.908e+06  1.487e+06 -6.855e+05 -3.131e+06 -2.872e+06   -3.2e+06 -1.504e+07 -1.654e+08 -3.656e+06
  1.761e+06  1.711e+06  1.315e+06 -5.549e+05 -7.081e+05  1.295e+06  1.289e+06  1.093e+06  8.984e+05  3.588e+05  1.528e+06  5.674e+05  1.145e+06  1.179e+06  6.219e+05 -1.205e+05  5.532e+05 -8.721e+05  6.033e+05  5.438e+05  9.804e+05  1.305e+06  1.303e+06  1.393e+06  1.419e+06  2.331e+06  7.159e+05  6.471e+05  2.435e+06  2.233e+06 -1.009e+05 -1.648e+06 -2.752e+06  -2.92e+06 -1.217e+07 -3.656e+06 -1.509e+08
